W 
1 2 3 W 2 3 5 2 4 5 1 4 6 1 3 2 4 1 3 2 1 3 7 6 
2 W 3 2 4 3 2 4 3 7 4 3 2 5 4 2 1 3 2 5 1 2 4 1 5 4 1 6 4 5 6 4 1 2 6 5 4 6 5 4 3 1 4 3 
5 2 1 5 2 4 6 2 5 3 4 2 3 W 5 3 1 5 2 4 3 2 5 3 2 1 6 7 5 6 4 5 3 2 5 6 4 5 2 3 
5 3 2 5 3 7 5 3 4 6 3 4 6 3 2 5 3 2 5 W 2 6 1 
4 2 5 6 7 W 3 1 
win_table
1 2 3 4 5 6 7 W 
3 3 5 7 9 12 15 20 30 
4 15 30 50 60 75 90 120 150 
5 45 75 150 250 350 500 750 1000 
lines
1 0 1 1 1 2 1 3 1 4 
0 0 0 1 0 2 0 3 0 4 
2 0 2 1 2 2 2 3 2 4 
0 0 1 1 2 2 1 3 0 4 
2 0 1 1 0 2 1 3 2 4 
trials
1